# Simulation configuration for cw_bw

# General simulation settings
nEvents: 3000

# 10-20%, 20-30%, 30-40%, 40-50%, 50-60%, 60-70%
# Negative Binomial distribution parameters
mu5TeV:   [1852, 1340, 901, 603.3, 369.5]
NBDSigma: [300, 180, 124, 87, 63]
NBDLow:   [1300, 900, 500, 400, 300]
NBDHigh:  [5000, 3000, 2000, 1200, 1000]
KinCutRatio: [0.43209614, 0.431945, 0.428783, 0.4336, 0.428906]

# Kinetic freeze-out temperature per centrality bin
Tkin:   [0.137942, 0.134216, 0.163861, 0.1568, 0.158797]
# Blast-Wave flow parameters
betaT:  [0.866228, 0.864082, 0.819766, 0.817805, 0.805804]
n:      [0.483535, 0.507042, 0.335976, 0.40257, 0.457789]
rho2_p: [0.0649459, 0.0926934, 0.108133, 0.12029, 0.128153]
rho2_L: [0.0701394, 0.0880093, 0.101918, 0.0977812, 0.106739]
Rx:     [9.15428, 8.82537, 8.64939, 8.50408, 8.4295]


# Particle ratio & debug
ratioProtonLambda: 1.5
ratioProtonInclusive: 0.0416667
fracLBC: 0.03 #TODO