# Simulation configuration for cw_bw

# General simulation settings
nEvents: 3000

# Negative Binomial distribution parameters
mu5TeV: [2279, 1852, 1340, 901, 603.3, 369.5, 222.9, 116.4, 49.07]
k5TeV: [0.7355, 0.739, 0.771, 0.828, 0.908, 1.052, 1.262, 1.678, 2.423]
NBDLow: [1600, 1300, 900, 500, 400, 300, 0, 0, 0]
NBDHigh: [5000, 5000, 3000, 2000, 1200, 1000, 800, 0, 0]
fracLBC: [0.0348, 0.0372, 0.0375, 0.0480, 0.0580]

# Kinetic freeze-out temperature per centrality bin
Tkin: [0.137942, 0.134216, 0.163861, 0.1568, 0.158797]
# Blast-Wave flow parameters
betaT: [0.866228, 0.864082, 0.819766, 0.817805, 0.805804]
n:     [0.483535, 0.507042, 0.335976, 0.40257, 0.457789]
rho2_p:[0.0649459, 0.0926934, 0.108133, 0.12029, 0.128153]
rho2_L:[0.0701394, 0.0880093, 0.101918, 0.0977812, 0.106739]
Rx:    [9.15428, 8.82537, 8.64939, 8.50408, 8.4295]

# Multiplicity distribution extras
KinCutRatio: [0.43507719, 0.43209614, 0.431945, 0.428783, 0.4336, 0.428906, 0.427373, 0.423507, 0.423523]
NStdDev: [300, 300, 180, 124, 87, 63, 47, 28, 17]

# Particle ratio & debug
ratioProtonLambda: 1.5
ratioProtonInclusive: 0.0416667